#Start Stop Nh Nh_bot Nh_top PhotInd PhotInd_bot PhotInd_top log(Flux(observed; 1-10)) log(Flux_bot) log(Flux_top) log(Flux(unabsorbed; 1-10)) log(Flux_bot) log(Flux_top)   xxx xxx ID
59289.80243 59289.81556 6.015e-01 5.738e-01 6.302e-01 1.500e+00 0.000e+00 0.000e+00 -1.057e+01 -1.058e+01  -1.056e+01 -1.053e+01 -1.054e+01 -1.051e+01 9.070e-01 6.310e+02 4676010101
59291.49205 59291.49545 6.491e-01 6.162e-01 6.832e-01 1.500e+00 0.000e+00 0.000e+00 -1.049e+01 -1.050e+01  -1.047e+01 -1.044e+01 -1.046e+01 -1.043e+01 8.730e-01 5.800e+02 4676010201
59299.01343 59299.08743 6.658e-01 6.513e-01 6.805e-01 1.500e+00 0.000e+00 0.000e+00 -1.055e+01 -1.056e+01  -1.055e+01 -1.051e+01 -1.051e+01 -1.050e+01 9.231e-01 8.250e+02 4676010501
59299.78833 59299.79962 7.015e-01 6.817e-01 7.216e-01 1.500e+00 0.000e+00 0.000e+00 -1.057e+01 -1.058e+01  -1.056e+01 -1.052e+01 -1.053e+01 -1.051e+01 8.937e-01 7.090e+02 4676010601
59302.04788 59302.05713 6.304e-01 6.089e-01 6.525e-01 1.500e+00 0.000e+00 0.000e+00 -1.064e+01 -1.065e+01  -1.063e+01 -1.060e+01 -1.061e+01 -1.059e+01 9.548e-01 6.620e+02 4676010701
59303.46829 59303.48550 6.483e-01 6.320e-01 6.649e-01 1.500e+00 0.000e+00 0.000e+00 -1.064e+01 -1.064e+01  -1.063e+01 -1.059e+01 -1.060e+01 -1.059e+01 9.840e-01 7.930e+02 4676010801
59305.27608 59305.28372 6.753e-01 6.497e-01 7.016e-01 1.500e+00 0.000e+00 0.000e+00 -1.064e+01 -1.065e+01  -1.063e+01 -1.059e+01 -1.061e+01 -1.058e+01 9.518e-01 6.590e+02 4676010901
59307.47608 59307.48770 6.333e-01 6.118e-01 6.554e-01 1.500e+00 0.000e+00 0.000e+00 -1.070e+01 -1.071e+01  -1.069e+01 -1.066e+01 -1.067e+01 -1.065e+01 8.985e-01 7.310e+02 4676011001
59309.61357 59309.62728 5.859e-01 5.599e-01 6.126e-01 1.500e+00 0.000e+00 0.000e+00 -1.080e+01 -1.081e+01  -1.079e+01 -1.076e+01 -1.077e+01 -1.074e+01 9.180e-01 7.470e+02 4676011101
59311.16477 59311.24082 5.654e-01 5.391e-01 5.926e-01 1.500e+00 0.000e+00 0.000e+00 -1.088e+01 -1.089e+01  -1.087e+01 -1.084e+01 -1.085e+01 -1.083e+01 9.313e-01 8.150e+02 4676011201
59315.29477 59315.42825 5.457e-01 5.181e-01 5.744e-01 1.500e+00 0.000e+00 0.000e+00 -1.084e+01 -1.085e+01  -1.082e+01 -1.080e+01 -1.081e+01 -1.078e+01 9.615e-01 7.400e+02 4676011401
59317.21521 59317.80425 5.933e-01 5.683e-01 6.189e-01 1.500e+00 0.000e+00 0.000e+00 -1.085e+01 -1.086e+01  -1.084e+01 -1.081e+01 -1.082e+01 -1.079e+01 9.128e-01 6.570e+02 4676011501
59319.54051 59319.67800 5.869e-01 5.638e-01 6.107e-01 1.500e+00 0.000e+00 0.000e+00 -1.085e+01 -1.086e+01  -1.084e+01 -1.081e+01 -1.082e+01 -1.080e+01 9.450e-01 7.980e+02 4676011601
59323.15343 59323.22851 7.700e-01 7.436e-01 7.972e-01 1.500e+00 0.000e+00 0.000e+00 -1.080e+01 -1.080e+01  -1.079e+01 -1.074e+01 -1.075e+01 -1.073e+01 1.271e+00 9.340e+02 4676011801
59325.34788 59325.42018 6.527e-01 6.290e-01 6.770e-01 1.500e+00 0.000e+00 0.000e+00 -1.079e+01 -1.080e+01  -1.078e+01 -1.075e+01 -1.076e+01 -1.074e+01 1.001e+00 8.730e+02 4676011901
59327.09045 59327.16589 6.072e-01 5.852e-01 6.296e-01 1.500e+00 0.000e+00 0.000e+00 -1.090e+01 -1.091e+01  -1.089e+01 -1.086e+01 -1.087e+01 -1.085e+01 8.364e-01 7.780e+02 4676012001
59328.19588 59328.19866 7.300e-01 6.621e-01 8.030e-01 1.500e+00 0.000e+00 0.000e+00 -1.085e+01 -1.088e+01  -1.083e+01 -1.080e+01 -1.083e+01 -1.078e+01 7.931e-01 5.060e+02 4676012002
59331.35014 59331.48258 6.625e-01 6.372e-01 6.886e-01 1.500e+00 0.000e+00 0.000e+00 -1.088e+01 -1.089e+01  -1.087e+01 -1.084e+01 -1.085e+01 -1.083e+01 1.023e+00 7.970e+02 4676012201
59332.19287 59332.32958 5.132e-01 4.905e-01 5.367e-01 1.500e+00 0.000e+00 0.000e+00 -1.098e+01 -1.099e+01  -1.097e+01 -1.095e+01 -1.096e+01 -1.094e+01 9.092e-01 7.570e+02 4676012301
59333.49337 59333.56632 6.089e-01 5.841e-01 6.344e-01 1.500e+00 0.000e+00 0.000e+00 -1.094e+01 -1.095e+01  -1.093e+01 -1.089e+01 -1.091e+01 -1.088e+01 8.946e-01 7.470e+02 4676012401
59334.64994 59334.73064 6.022e-01 5.837e-01 6.211e-01 1.500e+00 0.000e+00 0.000e+00 -1.095e+01 -1.095e+01  -1.094e+01 -1.090e+01 -1.091e+01 -1.089e+01 9.022e-01 8.340e+02 4676012501
59335.55844 59335.69869 6.059e-01 5.895e-01 6.226e-01 1.500e+00 0.000e+00 0.000e+00 -1.096e+01 -1.097e+01  -1.095e+01 -1.092e+01 -1.092e+01 -1.091e+01 8.834e-01 8.610e+02 4676012601
59336.58969 59336.78462 5.800e-01 5.610e-01 5.994e-01 1.500e+00 0.000e+00 0.000e+00 -1.101e+01 -1.102e+01  -1.100e+01 -1.097e+01 -1.098e+01 -1.096e+01 1.047e+00 9.040e+02 4676012701
59337.68573 59337.82296 6.288e-01 6.035e-01 6.548e-01 1.500e+00 0.000e+00 0.000e+00 -1.103e+01 -1.104e+01  -1.102e+01 -1.099e+01 -1.100e+01 -1.098e+01 9.393e-01 7.960e+02 4676012801
59338.71956 59338.86143 6.177e-01 5.943e-01 6.417e-01 1.500e+00 0.000e+00 0.000e+00 -1.105e+01 -1.106e+01  -1.104e+01 -1.101e+01 -1.102e+01 -1.100e+01 9.410e-01 7.200e+02 4676012901
59339.62377 59339.76478 5.865e-01 5.677e-01 6.058e-01 1.500e+00 0.000e+00 0.000e+00 -1.106e+01 -1.107e+01  -1.106e+01 -1.102e+01 -1.103e+01 -1.101e+01 9.570e-01 7.590e+02 4676013001
59340.52792 59340.66828 6.244e-01 6.050e-01 6.443e-01 1.500e+00 0.000e+00 0.000e+00 -1.103e+01 -1.104e+01  -1.102e+01 -1.099e+01 -1.100e+01 -1.098e+01 8.563e-01 7.690e+02 4676013101
59341.56148 59341.70101 5.658e-01 5.453e-01 5.870e-01 1.500e+00 0.000e+00 0.000e+00 -1.114e+01 -1.115e+01  -1.113e+01 -1.110e+01 -1.111e+01 -1.109e+01 9.218e-01 7.100e+02 4676013201
59342.59520 59342.79846 5.801e-01 5.600e-01 6.007e-01 1.500e+00 0.000e+00 0.000e+00 -1.117e+01 -1.118e+01  -1.116e+01 -1.113e+01 -1.114e+01 -1.112e+01 9.644e-01 7.660e+02 4676013301
59343.69418 59343.96073 5.754e-01 5.572e-01 5.941e-01 1.500e+00 0.000e+00 0.000e+00 -1.109e+01 -1.110e+01  -1.108e+01 -1.105e+01 -1.106e+01 -1.104e+01 8.755e-01 7.290e+02 4676013401
59344.59970 59344.99377 6.114e-01 5.931e-01 6.301e-01 1.500e+00 0.000e+00 0.000e+00 -1.105e+01 -1.106e+01  -1.104e+01 -1.101e+01 -1.102e+01 -1.100e+01 8.709e-01 7.760e+02 4676013501
59345.82749 59345.96035 5.671e-01 5.357e-01 5.996e-01 1.500e+00 0.000e+00 0.000e+00 -1.111e+01 -1.112e+01  -1.109e+01 -1.107e+01 -1.108e+01 -1.105e+01 9.386e-01 4.990e+02 4676013601
